Clouds: 0.1086956
BkgDroneVolume: 0.2769565
Effects: Fog-0.25-34-91, 
