Template: SU_SettingsTemplate_Inside
Clouds: 0.1413043
BkgDroneVolume: 0.2769565
PlacedObjects: DangleFruit><210.6105><290.0833><-274~255~2~5, DangleFruit><245.8851><297.9137><-66~235~2~5, DangleFruit><814.1885><405.317><-254~148~2~3, CustomDecal><-43.65973><126.1296><-103~285~648~567~737~-5~346~-216~0.3369499~1~0.1334155~FaceAndTag~0.9782609~0.423913~0.4456522~0.2934783~0.5~0.2934783~0.2065217~0.6195652, CustomDecal><126.3286><182.353><-11~138~162~158~160~4~-326.892~-33.27237~0.326087~1~0.5326087~Barnacle~0.9347826~0.5652174~0.4891304~0.2282609~0.4130435~0.6630435~0.7717391~0.6195652, CustomDecal><658.8685><464.0994><-7~53~41~51~40~0~210.9999~-502~0~1~0~Ghostling3~0.5~0.3369565~0.5~0.3369565~0.5~0.3369565~0.1413043~0.3369565, ReliableSpear><822.0701><346.9379><, ReliableSpear><761.1528><326.6292><, ReliableSpear><626.519><263.9491><, 
FadePalette: 8, 0.2934783
