Clouds: 0.1195652
BkgDroneVolume: 0.2769565
EffectColorA: 9
EffectColorB: 8
PlacedObjects: CustomDecal><716.6898><181.0632><5~167~362~229~349~-20~-501~-138~0.6521739~0.6956522~0.4456522~YCIO~0.2934783~0~0.6196448~0.6195652~0.2608696~0.1956522~0.1521739~0.3913043, CustomDecal><1908.95><372.7581><-2~64~49~64~46~-1~-259~-350~0~1~0~Ghostling1~1~0~0.5217391~0~0.5217391~0.4347826~0.5217391~0.7608696, 
AmbientSounds: OMNI><AM_ENV-LightWind.ogg><719.6841><558.8281><0.3586957><0.8043478, 
