Clouds: 0.1413043
Grime: 0.3043478
BkgDroneVolume: 0.2769565
EffectColorA: 9
EffectColorB: 8
Effects: Wasp-0.3043478-280-19, 
PlacedObjects: NoSpearStickZone><2116.781><506.1999><-43~132, CustomDecal><568.4322><88.31183><-35~225~381~242~382~-4~389.9999~-31~0.6195652~1~0.4782609~PR~0.4130435~0.7608696~0.9673913~1~0.1847826~1~0.1956522~1, CustomDecal><447.6014><81.61609><-35~205~406~202~371~-24~-287~-7~0.326087~0.8478261~0.5652174~OKI~0.8913044~0.25~0.8369565~0.1739237~0.4021739~0.3152174~0.5~0.4456522, CustomDecal><365.1881><499.8098><-2~89~61~77~46~-6~233~-148~0.6521739~1~0~Ghostling2~1~0.5217391~1~0.5217391~0.4782609~0.5217391~0.25~0.5217391, 
AmbientSounds: OMNI><AM_ENV-LightWind.ogg><594.439><527.0596><0.4021739><0.8434783, SPOT><AM_IND-ElectricHum01.ogg><757.8345><295.8623><0.3695652><0.55><226.793><591.6609><64.64465><-88.35535><0><0.4152175, SPOT><AM_ENV-NatWind.ogg><766.6782><587.9366><0.3043478><1><1990.165><396.5526><-51.35535><-167.3553><0><0.404348, 
