Clouds: 0.3478261
Grime: 0.25
BkgDroneVolume: 0.2769565
EffectColorB: 8
PlacedObjects: DangleFruit><66.3761><251.3448><0~0~2~3, DangleFruit><80.08594><214.3856><0~0~2~3, DangleFruit><106.3192><194.6646><0~0~2~3, CustomDecal><316.6436><905.6392><82~152~338~113~261~11~-223~242~0.6195652~1~0.8260869~Vertical Pink~0.3478261~0.8260869~0~0.4673913~1~0.4021739~1~0.8913044, CustomDecal><366.0503><879.761><34~161~-122~142~-113~-25~-566~213~0.6630435~1~0~HoleChicken~0.5326087~0~0.5326087~0~0.5326087~0~0.5326087~0, CustomDecal><-145.1209><62.65277><-18~645~204~936~234~-63~502~266~0.6086956~1~0~Rust1~1~0.9347826~0.3586957~0.9347826~0~0.9347826~0~0.9347826, 
AmbientSounds: OMNI><AM_ENV-LightWind.ogg><622.8415><606.6779><0.4565217><0.6478261, SPOT><AM_IND-Utility02.ogg><762.6773><463.6575><0.4456522><1.273913><775.6773><1172.657><-147.3553><-60.35535><0><0.4913045, 
FadePalette: 10, 0, 0
