Template: NONE
Clouds: 0.06521739
Grime: 0.4565217
BkgDroneVolume: 0.2769565
EffectColorA: 9
EffectColorB: 8
Effects: Flies-0.1195652-28-59, Wasp-0.3043478-30-8, 
PlacedObjects: ScavengerOutpost><518.873><256.1577><-27~226~41~176~0.8296537~25~25, CustomDecal><2347.385><427.1024><-45~-294~608~-346~515~61~101~-27~0.6304348~0.7065217~0~Big Letters~0.7173913~0.5108696~0.5~0.5108696~0.6739131~0.5108696~0.5~0.5108696, CustomDecal><2150.596><98.12729><-114~300~544~319~432~22~18~285~0.6413044~0.8695652~0~Pink Tag~0~0.1521739~0~0.1521739~1~0.1521739~1~0.5, CustomDecal><2348.508><100.5502><0~337.7007~753.1149~337.7007~753.1149~0~-394~-99~0.6413044~0.6847826~0.01086957~WetWhite~0.6629639~0~0.3260896~0~0.6413044~0.423913~0.2717391~0.326087, CustomDecal><1937.338><110.3203><-37~217~503~217~440~-19~-113~181~0.423913~0.7282609~0~FaceAndTag~0.3152174~1~1~0~0.7826087~0~0.9021739~0.8478261, CustomDecal><411.4484><200.2243><-7~54~229~53~223~-13~-446~-276~0~0.05434782~0~ScavMark WingedOrb~0.5~0.5652174~0.5~0.5652174~0.5~0.5652174~0.5~0.5652174, CustomDecal><314.7007><220.9438><6~169~486~134~518~-11~-371~54~0.3478261~0.8043478~0~Scav Wedges~1~0.2717391~1~0.2717391~0~0.2717391~1~0.2717391, CustomDecal><845.5728><246.8427><-14~89~-106~63~-91~-10~-496~-298~0.6413044~1~0~ScavMark Arrow~1~0.3804348~1~0.3804348~1~0.3804348~1~0.3804348, CustomDecal><800.3395><180.1193><1~60~-90~65~-104~22~-528~229~0~1~0~ScavMark Arrow~0~0~0.6086956~0~0.6086956~0.3695652~0.6086956~0.6304348, CustomDecal><2528.619><186.8485><0~110~107~110~107~0~108~-197~0.6630435~1~0~JackalopeSkull~0.9673913~0~0.7282609~0~0.09782609~0.6195652~0.3586957~0.4130435, CustomDecal><667.55><204.2512><0~227~548~227~548~0~146~-240~0.6521739~1~0~YellowBubbly~0.3695652~0.3586957~0.9347826~0.3586957~0~0.6630435~0~0.8260869, 
AmbientSounds: OMNI><AM_ENV-Outside.ogg><767.8061><473.692><0.5543478><0.823913, OMNI><AM_ENV-LightWind.ogg><768.8971><551.8855><0.4347826><0.7847826, SPOT><AM_IND-ElectricHum02.ogg><768.234><338.3007><0.2282609><0.9021739><236.234><422.3007><-28.35535><-52.35535><0><0.3065219, SPOT><AM_IND-Utility02.ogg><743.2572><207.4499><0.4565217><1><207.2572><628.4498><224.6447><-275.3553><0><0.4586958, SPOT><AM_IND-Utility02.ogg><289.4481><459.9726><0.4130435><1><2941.448><354.9726><-130.3553><-198.3553><0><0.4043476, SPOT><OM.wav><602.5519><591.778><0.2282609><1><1515.552><264.778><-35.35534><-35.35534><0><0.4913045, 
FadePalette: 14, 0.3043478, 0.25, 0.2065217
