Template: SU_SettingsTemplate_Inside
Clouds: 1
Grime: 0.423913
EffectColorA: 2
AmbientSounds: SPOT><Basic Mech.wav><523.95><262.5025><0.2065217><0.8630434><431.95><477.5024><67.64465><-132.3553><0><0.1652175, 
FadePalette: 8, 0.5217391
