Clouds: 0.3369565
Grime: 0.3043478
BkgDroneVolume: 0.2769565
Palette: 13
EffectColorB: 6
Effects: Fog-0.5652174-20-20, 
PlacedObjects: JellyFish><1484.686><249.1893><-396~310~2~3, JellyFish><1645.588><237.3677><-558~245~2~3, JellyFish><1534.7><245.4924><-445~155~2~3, DangleFruit><2338.09><363.6198><-627~194~2~3, DangleFruit><2211.094><385.8751><-849~4~2~3, DangleFruit><2272.703><372.5557><-930~106~2~3, FirecrackerPlant><2165.581><521.4329><-227~52~2~3, FirecrackerPlant><2151.998><519.05><-790~-211~2~3, InsectGroup><2324.712><589.0505><-36~120~0~0~TinyDragonFly~0.173913, InsectGroup><2863.076><287.5653><-50~133~0~0~RockFlea~0.1521739, InsectGroup><1190.953><496.6945><-111~97~0~0~TinyDragonFly~0.2717391, 
AmbientSounds: SPOT><AM_WAT-Shoreline.ogg><871.8319><547.3176><0.4347826><1><1595.832><240.4862><-167.3553><-104.3553><0><0.2956523, SPOT><AM_WAT-Sea01.ogg><873.2286><424.3011><0.4347826><1><788.2286><256.2964><-96.35535><-60.35535><0><0.3826088, SPOT><AM_WAT-Sea02.ogg><873.3436><308.3746><0.2717393><1><2860.344><195.3746><-105.3553><-58.35535><0><0.5565219, OMNI><AM_WAT-Sea01.ogg><649.5367><644.3034><0.3804348><1, OMNI><AM_ENV-Outside.ogg><474.2638><644.4495><0.4456522><1, 
