Template: NONE
CeilingDrips: 0.6195652
WaveLength: 0.5326087
WaveAmplitude: 0.2282609
SecondWaveLength: 0.1666667
SecondWaveAmplitude: 0.06521739
Clouds: 0.8478261
