Template: NONE
Clouds: 0.423913
BkgDroneVolume: 0.2769565
Palette: 13
EffectColorA: 2
EffectColorB: 6
Effects: Fog-0.5326087-20-20, 
FadePalette: 4, 0, 0, 0, 0, 0, 0, 0, 0
