Template: SL_SettingsTemplate_Sewer
Clouds: 0.8152174
Grime: 0.2826087
AmbientSounds: SPOT><SO_WAT-OpenFlow.ogg><740.8687><251.661><0.2608696><1><705.8687><209.661><-60.35535><-70.35535><0><0.154348, SPOT><AM_IND-Utility02.ogg><734.8535><459.0789><0.3043478><1><745.8535><496.0789><-46.35535><-56.35535><0><0.1760871, 
FadePalette: 8, 0.3586957
