Clouds: 0.25
Palette: 6
BkgDroneVolume: 0.2869565
EffectColorA: 10
EffectColorB: 2
Effects: Fog-0.1304348-20-20, 
AmbientSounds: SPOT><AM_IND-Utility02.ogg><94.51099><283.8003><0.3695652><1><48.51099><583.8003><-197.3553><25.64465><0><0.1326087, SPOT><AM_IND-Utility02.ogg><901.9361><527.0732><0.4347829><0.8043483><825.936><221.0732><-147.3553><-18.35535><0><0.4152178, SPOT><AM_WIN_Hilltop.ogg><325.7312><137.8009><0.3913043><1><176.7312><690.8009><-238.3553><-47.35535><0><0.252174, 
FadePalette: 15, 0.3043478
