BkgDroneVolume: 0.2869565
FadePalette: 8, 0.1630435
