Clouds: 0.3043478
Grime: 0.3586957
BkgDroneVolume: 0.2869565
Palette: 6
EffectColorB: 21
Effects: Flies-0.1304348-18-83, Fog-0.25-20-20, 
PlacedObjects: CustomDecal><300.8921><303.6407><14~171.2359~295.293~171.2359~316.293~-7~-331~-235~0.326087~0.4456522~0~OrangePink~0.7065217~0.1630435~0.6630435~0.173913~0.2934783~0.4130435~0.4130435~0.7391304, CustomDecal><343.6306><330.4014><0~69.38615~113.0914~86.38614~120.0914~24~-417~50~0.3152174~1~0~WhiteTag3~0.9130435~0~0.5~0~0.5~0.3913043~0.5~0.5217391, 
FadePalette: 15, 0.3695652, 0.2826087
