Clouds: 0.2934783
Grime: 0.3804348
BkgDroneVolume: 0.2869565
Palette: 6
EffectColorA: 10
EffectColorB: 2
Effects: Fog-0.173913-20-20, 
AmbientSounds: SPOT><AM_IND-Utility02.ogg><774.528><460.948><0.326087><1><2987.528><585.948><-101.3553><-51.35535><0><0.4913045, SPOT><AM_IND-Utility02.ogg><774.0878><338.1169><0.326087><0.9217392><2075.088><229.1169><-213.3553><-45.35535><0><0.2847827, SPOT><AM_IND-Utility02.ogg><769.8062><217.692><0.2608696><1><1359.806><510.692><-134.3553><-7.355347><0><0.3391306, SPOT><AM_IND-Utility02.ogg><768.3163><102.421><0.2934783><1><184.3163><352.421><-234.3553><-38.35535><0><0.4913045, SPOT><AM_WIN_Hilltop.ogg><58.82526><501.8473><0.4673913><1><476.8253><736.8473><-379.3553><5.644653><0><0.35, SPOT><AM_WIN_Hilltop.ogg><392.4268><397.0639><0.5><1><2212.427><698.0639><-298.3553><-50.35535><0><0.328261, 
FadePalette: 15, 0.4456522, 0.4021739, 0.423913
