Clouds: 0.5326087
Grime: 0.3804348
BkgDroneVolume: 0.2869565
Palette: 6
EffectColorA: 10
EffectColorB: 2
Effects: Fog-0.1847826-20-20, Flies-0.1521739-26-76, 
PlacedObjects: InsectGroup><2773.571><507.4373><0~100~0~0~Wasp~0.5, CustomDecal><2352.051><131.7677><-1~144~517~147~489~-19~5~-297~0.3152174~0.3586957~0~TamponNose~0.8043478~0~0.6195652~0.4021739~0.02173913~0.6847826~0.3913043~0.7717391, CustomDecal><2593.434><141.0613><-51~115~31~128~81~4~134~-316~0.3152174~0.3369565~0~WhiteJunkSpirals~1~0~0.423913~0~1~0.7934783~1~0.6413044, CustomDecal><771.4302><669.0867><22~-637~357~-651~359~80~-454~-567~0~1~0~RustB2~1~1~0.7173913~1~0~1~0~1, CustomDecal><863.9973><191.3><48~211~181~201~218~-16~-794~-118~0.326087~0.4021739~0~BigGreen~0.6847826~0~0.5869565~0~0.05434782~0.4456522~0~1, CustomDecal><951.051><186.2696><29~87~109~82~73~-15~-362~-186~0.326087~1~0~WhiteTag2~0.5108696~0~1~0~1~0.7173913~0.5760869~0.9021739, CustomDecal><2027.077><103.1845><32~363~338~440~393~14~425~219~0.3152174~0.6086956~0~Tall B&W~0.1847826~0.4891304~0.5978261~0.4891304~0.4021739~0.4891304~0.0326087~0.4891304, CustomDecal><2041.392><132.3315><-7~149~277~210~311~-23~-180~-194~0.3152174~0.9565217~0.1847826~OKI~0~0~1~0.4565217~1~1~0.2934783~0.8152174, CustomDecal><2217.805><723.5468><-43~-709~257~-663~211~0~-119~-698~0~1~0~Rust3~0.4456522~1~1~1~0.5760869~1~0~1, 
AmbientSounds: SPOT><SO_IND-HVAC.ogg><770.199><310.0203><0.2826087><0.8630434><1657.199><221.3956><-122.3553><7.644653><0><0.3717393, SPOT><SO_IND-HVAC.ogg><784.1208><196.9027><0.2717391><1><3005.972><190.7651><-140.3553><-117.3553><0><0.404348, SPOT><SO_IND-HVAC.ogg><775.3982><75.36566><0.1847826><0.9608696><16.39825><203.3657><-236.3553><42.64465><0><0.3608697, 
FadePalette: 15, 0.1630435, 0.1521739, 0.1521739
