Clouds: 0.3043478
Grime: 0.3804348
BkgDroneVolume: 0.2869565
Palette: 6
EffectColorA: 10
Effects: Fog-0.4021739-20-20, 
PlacedObjects: SeedCob><6495.153><532.825><141~77~7~10, DeadSeedCob><6420.821><496.5901><, CustomDecal><6179.929><177.9107><0~157.3961~231.9521~157.3961~231.9521~0~396~-113~0.2826087~0.4347826~0~Tall W&B~0.2717391~0~0.5652174~0~0.1847826~0.5978261~0.423913~0.6956522, 
AmbientSounds: SPOT><AM_WIN-StrongWnd2.ogg><779.95><218.5051><0.3695652><1.195652><3483.95><250.5051><-229.3553><32.64465><0><0.8826088, SPOT><AM_WIN-MedWind.ogg><779.332><100.8914><0.2391304><1><5070.332><231.8914><-157.3553><90.64465><0><0.654348, SPOT><AM_IND-DeepHum.ogg><781.8526><-12.61481><0.4130435><1><6799.853><198.3852><-124.3553><-15.35535><0><0.4695654, SPOT><AM_ENV-WallHum.ogg><778.8318><340.1082><0.326087><1><6828.832><450.1082><-223.3553><99.64465><0><0.5891306, 
FadePalette: 15, 0.4782609, 0.4456522, 0.423913, 0.423913, 0.4130435, 0.4021739, 0.423913
