Grime: 0.1956522
Palette: 4
PlacedObjects: Mushroom><330.3342><179.1381><-437~-183~2~3, Mushroom><374.9103><142.9288><-484~-57~2~3, Mushroom><411.3031><140.5351><-526~30~2~3, KarmaFlower><522.944><303.442><-630~-47~5~7, Mushroom><640.3215><605.9099><0~0~2~3, Mushroom><619.9085><594.3221><0~0~2~3, CustomDecal><464.1985><132.476><-53~662~148~659~109~3~-363~-138~0~1~0~RustB2~1~0.9021739~1~0.9021739~0.1630435~0.9021739~0.2717391~0.9021739, 
AmbientSounds: SPOT><Basic Mech.ogg><712.4493><160.7664><0.2173913><1><-54.55066><393.7664><-91.35535><-87.35535><0><0.5565219, 
FadePalette: 8, 0.1086956
