BkgDroneVolume: 0
Palette: 4
PlacedObjects: CustomDecal><24.84424><360.8754><26~195.6735~739.9052~214.6735~1032.905~-112~31~-467~0.4021739~1~0~GreyBubbly~0.2934783~1~0.5~1~0.1413043~1~0.2065217~1, CustomDecal><107.7079><372.9455><13~136~345~144~364~27~277~-298~0.6413044~1~0~IRAF~1~0~0~0~0.6195652~0.5760869~0~0.5760869, 
AmbientSounds: OMNI><SO_WAT-DripTap.ogg><654.481><639.9491><0.2173913><1, OMNI><SO_WAT-LilDrips.ogg><481.129><636.8472><0.2173913><1, 
FadePalette: 8, 0.07608695
