Grime: 0.4021739
Palette: 4
AmbientSounds: SPOT><SO_NAT-LilDrips.ogg><754.2253><560.3015><0.3369565><1><561.2253><343.3015><-146.3553><13.64465><0><0.404348, 
FadePalette: 8, 0.04347826
