Palette: 4
EffectColorA: 6
EffectColorB: 2
PlacedObjects: DangleFruit><607.8203><506.1622><-423~1~2~3, DangleFruit><564.686><539.0736><-366~47~2~3, DangleFruit><824.9056><504.1243><0~0~2~3, CustomDecal><594.3><106.7535><-1~250~253~260~259~0~160~-315~0.3043478~1~0~SR~0.6413044~0~0.7282609~0.5869565~0.2717391~1~0.2717391~0.6304348, CustomDecal><290.1666><117.1393><-57~196~342~263~344~29~-334~-26~0.3043478~1~0~Radio~0~0.3478261~0.8043478~0.3478261~1~0.9130435~1~0.5543478, 
AmbientSounds: SPOT><SO_WAT-LilDrips.ogg><268.304><125.29><0.4021739><0.8826087><275.304><412.29><-128.3553><39.64465><0><0.3500001, SPOT><SO_NAT-LilDrips.ogg><752.1865><560.4276><0.3369565><1.058696><736.1865><171.4276><-159.3553><42.64465><0><0.4586958, 
FadePalette: 8, 0.2173913
