Grime: 0.3369565
Palette: 4
PlacedObjects: CustomDecal><59.55023><396.0094><-2~124~501~130~504~-14~-135~-383~0.6630435~0.8695652~0.2173913~YellowBubbly~0.6847826~0.5217391~0.4673913~0.75~0.4021739~1~0~0.9565217, CustomDecal><499.2579><360.1998><-51~206~432~246~368~6~-267~-422~0.4565217~1~0~Rust2~1~1~0.1086956~1~0.3804348~1~1~1, CustomDecal><228.5654><359.3269><-25~268~556~289~465~-68~241~-412~0~1~0~Rust1~1~1~1~1~0.2934783~1~0.2934783~1, CustomDecal><1701.441><182.4412><116~486~-571~460~-509~12~-614~-55~0~1~0~Rust1~0.5~1~0.5~1~0.3695652~1~0.7282609~1, CustomDecal><106.8256><374.9021><0~129.964~325.1326~123.964~280.1326~33~-296~-52~0.5978261~1~0~WhiteBigTag~0.8913044~0.3586957~1~0~0.6195652~0.7173913~0~1, CustomDecal><553.302><429.722><-2~80~216~96~238~22~-346~-74~0.6521739~1~0~WhiteTag7~0.5543478~0~0.1521739~0~0.8152174~1~0.6521739~0.9891304, 
Triggers: Spot<tA>event<tB>MusicEvent<eA>songName<eB>RW_9 - Mud Pits<eA>vol<eB>0.3108693<eA>prio<eB>0.6086956<eA>mxThrt<eB>1<eA>loop<eB>0<eA>droneTol<eB>0<eA>rooms<eB>6<eA>rest<eB>5<eA>fadeIn<eB>163.0435<eA>oneSongPerCycle<eB>0<eA>stopAtDeath<eB>0<eA>stopAtGate<eB>0<tA>multiUse<tB>0<tA>toCycle<tB>-1<tA>fromCycle<tB>0<tA>delay<tB>0<tA>panPos<tB>642.603<tB>563.0786<tA>fireChance<tB>1<tA>entrance<tB>0<tA>karma<tB>0<tA>pos<tB>529.603<tB>454.0786<tA>handlePos<tB>-97.35535<tB>-227.3553, 
FadePalette: 8, 0, 0
