Clouds: 0.2173913
Grime: 0
BkgDroneVolume: 0
Palette: 14
EffectColorB: 18
PlacedObjects: DangleFruit><386.553><444.2843><-427~33~2~3, DangleFruit><445.1722><497.1484><-487~58~2~3, DangleFruit><534.6403><453.9172><-573~-63~2~3, DangleFruit><829.9408><358.06><-868~-54~2~3, GhostSpot><620.9124><367.6168><, FirecrackerPlant><379.8074><191.0538><-418~24~2~3, FirecrackerPlant><307.6997><201.0103><-347~-71~2~3, SeedCob><880.9995><309.7><-937~-237~7~10, DeadSeedCob><841.0406><258.9458><, 
AmbientSounds: SPOT><AM_ENV-NatWind.ogg><86.92493><499.403><0.3478261><1><120.9249><233.403><-129.3553><-55.35535><0><0.5565219, SPOT><SO_NAT-LilDrips.ogg><273.1884><499.1829><0.1956522><1><613.1884><99.18289><-210.3553><-104.3553><0><0.2739132, 
FadePalette: 20, 0.3152174
