Template: NONE
Clouds: 0.7608696
Grime: 0
BkgDroneVolume: 0
Palette: 20
EffectColorA: 19
Effects: LightBurn-0.2934783-20-20, 
PlacedObjects: WaterNut><1649.515><429.4678><0~0~2~5, WaterNut><1621.579><427.8163><14~87~2~7, WaterNut><2601.045><240.1949><-130~-181~4~5, WaterNut><2571.335><248.8191><-45~-22~3~6, WaterNut><763.1042><402.3869><-304~-353~2~3, WaterNut><790.733><411.554><-61~-357.115~2~3, LightSource><498.6698><288.4332><0.5~Environment~-449~271~49~253.6026~1~0, LightSource><1272.48><308.551><1~Environment~-247~372~50~86.60254~1~0, LightSource><1298.647><273.8642><0.5326087~Environment~-46~152~217~-23.39751~1~1, LightSource><514.623><269.1577><0.4782609~Environment~0~100~50~86.60254~1~1, LightSource><333.4751><691.9348><0.5543478~Environment~290~-162~95~-70.39746~1~1, LightSource><1075.668><732.9324><0.75~Environment~222~-166~281~-112.3975~1~1, CustomDecal><3085.655><198.1759><-7~436~-1192~213~-961~-80~-320~-128~0.6521739~1~0~AlienLetterB&W~0.5543478~1~0~1~0~1~0.1956522~1, CustomDecal><2510.3><144.2608><14~433~524~417~577~-38~-611~-347~0~1~0~BlackRust1~1~1~1~1~1~1~0~1, CustomDecal><2938.909><190.3709><53~92~-831~114~-790~-1~-23~-394~0.326087~0.423913~0~AwfulLongB&W~0~1~0.5652174~1~0.4347826~1~0.4021739~1, CustomDecal><2453.663><133.0698><0~365~668~390~581~1~-258~-339~0.5217391~0.6739131~0~PointyArrows(var)~0.2065217~0~0.6413044~0.4782609~1~1~0.4021739~0, CustomDecal><2220.674><248.8149><-4~178.2753~236.73~179.2753~239.73~0~-185~-314~0.5869565~1~0~TentacleHead~0.5543478~0~1~0~0.5652174~0.5652174~0.3152174~0.5, CustomDecal><2724.419><193.8173><5~69~202~81~186~22~-417~-319~0.3586957~1~0~WhiteTag5~0.5~0~0.6739131~0~0.5~1~0.1521739~0.4347826, InsectGroup><2752.451><250.1938><-493~177~-149~373~RockFlea~0.1630435, CustomDecal><954.9407><224.3105><-24~137~358~140~303~-14~-3~-381~0.06521739~1~0~GummiWorms~0.1956522~0~0.8260869~0~0~0.5760869~0~1, CustomDecal><1712.188><176.6815><-45~158.7271~282.0845~153.7271~224.0845~-23~-179~-336~0.6521739~0.6956522~0~RKSkull~0.5~0.423913~0.7717391~0~0~1~0.3043478~1, CustomDecal><1033.912><201.8675><-8~156~121~170~111~-6~-753~76~0.6304348~0.7717391~0~CrudeBubblyB&W~0.7934783~0~0.2826087~1~0.07608695~1~0~1, LightSource><1627.052><97.03004><0.2173913~Environment~1545~579~50~86.60254~1~0, LightSource><390.2858><193.3032><0.2608696~EffectColor1~37~-30~50~86.60254~1~1, InsectGroup><742.4028><468.629><0~100~0~0~StandardFly~0.173913, CustomDecal><2212.172><302.5656><0~142~142~142~142~0~-343~74~0.5869565~1~0~RoundBlack~0~0~1~0~0~0~0~0, CustomDecal><2504.033><301.5528><0~142~142~142~142~0~-388~149~0.4565217~1~0~RoundBlack~1~0~0~0~0~0~0~0, CustomDecal><2774.194><299.7001><0~142~142~142~142~0~-210~164~0.5760869~1~0~RoundBlack~1~0~0~0~0~0~1~0, 
AmbientSounds: SPOT><SO_WAT-LilDrips.ogg><61.56342><505.1897><0.2173913><1><2595.563><181.1897><-212.3553><-37.35535><0><0.5673915, SPOT><AM_IND-Utility02.ogg><241.6855><504.6751><0.4456522><1><2568.686><383.6751><-286.3553><-34.35535><0><0.4478262, SPOT><AM_IND-DeepHum.ogg><62.56372><391.3229><0.2173913><1><1643.564><300.3229><-91.35535><-44.35535><0><0.2630436, SPOT><AM_ENV-LightWind.ogg><243.6812><385.5622><0.4347826><0.8630434><828.6812><589.5352><-338.3553><-119.3553><0><0.752174, SPOT><SO_WAT-LilDrips.ogg><62.15973><275.0715><0.2282609><1><781.1597><181.0307><-343.3553><-53.35534><0><0.5456523, SPOT><AM_SUB-BlankState.ogg><768.6451><278.6376><0.3043478><1><404.6451><133.6376><-163.3553><-34.35534><0><0.2086958, OMNI><AM_ENV-CityTone.ogg><829.399><652.8274><0.3043478><1, 
FadePalette: 4, 0.5760869, 0.5760869, 0.5434783
