Grime: 0.25
BkgDroneVolume: 0.2569565
PlacedObjects: Mushroom><480.698><312.3069><-559~204~2~3, Mushroom><491.9127><322.6338><-582~121~2~3, Mushroom><588.0665><316.4205><-676~37~2~3, Mushroom><735.0056><320.6999><0~0~2~3, 
AmbientSounds: OMNI><AM_ENV-LightWind.ogg><824.597><647.3788><0.3152174><0.6673913, SPOT><AM_ENV-Outside.ogg><731.1926><471.9462><0.3152174><0.7847826><844.1927><175.9462><-78.35535><-32.35535><0><0.2847827, 
FadePalette: 8, 0.3043478
