Clouds: 0.2934783
Grime: 0.2608696
BkgDroneVolume: 0.2569565
EffectColorA: 5
EffectColorB: 18
Effects: Flies-0.1521739-0-0, 
PlacedObjects: PuffBall><670.1162><623.4128><0~0~2~3, PuffBall><630.7><633.5048><0~0~2~3, ExitSymbolHidden><50.79138><330.4457><, InsectGroup><305.8629><1082.415><-66~133~-3~250~GrassHopper~0.326087, InsectGroup><662.5729><1075.186><-21~105~-133~304~GrassHopper~0.163044, CustomDecal><104.5018><314.95><0~40~46~54~47~-5~-366~3~0~1~0~ScavMark Cross~1~0.05434782~0.7608696~0.05434782~0.5~0.05434782~0.5~0.05434782, CustomDecal><174.0581><207.4436><36~44~8~77~-39~67~-212~-225~0~1~0~ScavMark Arrow~0.5~0~1~0~1~0.5978261~0.5217391~0.9782609, CustomDecal><120.6239><421.657><39~1~39~-54~-13~-53~-128~29~0~1~0~ScavMark Arrow~0.5~0~0.5~0.6304348~0.8804348~0~0.5~0, CustomDecal><81.94934><1005.016><-40~165~476~173~435~-17~-230~129~0.3043478~0.423913~0~GreySnakes~0.5760869~0.1847826~0.5652174~0~0.4673913~0.9130435~0~1, CustomDecal><147.7651><1012.301><-31~61~45~87~69~-4~-100~188~0.3152174~1~0~WhiteTag~0.7717391~0.3152174~0.5~0.3152174~0.6195652~0.3152174~0.5~0.3152174, CustomDecal><467.623><179.5923><0~119~148~119~148~0~-94~212~0.2934783~0.4130435~0~SquintCat~1~0.06521739~0.8043478~0.06521739~0.3478261~0.5217391~0.75~0.4021739, 
AmbientSounds: SPOT><AM_IND-Utility02.ogg><93.56818><23.83334><0.4130435><1><-42.43188><389.8334><8.644653><-179.3553><0><0.3391306, SPOT><AM_IND-Utility03.ogg><274.8759><14.09317><0.3804348><1><1010.876><405.0931><-122.3553><-130.3553><0><0.3391306, OMNI><AM_ENV-LightWind.ogg><841.697><645.2844><0.4347826><0.6869565, SPOT><AM_ENV-NatWind.ogg><93.66266><493.6336><0.3586957><1><1143.913><1307.922><-136.3553><-190.3553><0><0.4913045, SPOT><AM_ENV-NatWind.ogg><89.19672><371.4637><0.4021739><1.097826><-148.8032><1393.464><33.64466><-228.3553><0><0.35, SPOT><AM_ENV-Outside.ogg><752.1988><479.5217><0.5217391><0.8043478><466.1988><1449.522><-281.3553><-268.3553><0><0.5130436, 
FadePalette: 8, 0, 0.1956522
