Clouds: 0.3043478
BkgDroneVolume: 0.2569565
Palette: 14
EffectColorB: 18
PlacedObjects: CustomDecal><407.5671><87.58087><-7~66~505~67~492~9~-358~139~0.326087~1~0~BraceFace~0.5652174~0.25~0.9782609~0~0.2608696~0.6956522~0.25~0.8152174, 
AmbientSounds: OMNI><AM_IND-Utility02.ogg><834.3006><640.2346><0.4130435><0.9608696, SPOT><AM_ENV-LightWind.ogg><113.6098><502.1426><0.3586957><1><335.9245><670.1002><-109.3553><-87.35535><0><0.328261, SPOT><AM_ENV-Outside.ogg><111.6349><388.3364><0.4239131><1><58.63367><444.3445><-129.3553><-43.35535><0><0.3282608, SPOT><AM_ENV-LightWind.ogg><113.6736><267.3493><0.402174><0.9021739><1423.65><666.3412><-118.3553><-93.35535><0><0.5130436, SPOT><AM_ENV-Outside.ogg><113.3106><145.5594><0.4565217><0.823913><2019.405><473.506><-138.3553><-124.3553><0><0.2413045, 
FadePalette: 8, 0.3043478, 0.2934783
