Template: NONE
Clouds: 0.4130435
Grime: 0.2065217
BkgDroneVolume: 0.2569565
Palette: 14
EffectColorA: 4
EffectColorB: 18
PlacedObjects: DataPearl><1845.57><31.66847><0~0~0~0~0~0, DataPearl><1249.692><342.2952><-103~183~0~0~0~0, VultureGrub><1490.563><22.55711><-77.75787~537.5144~7~10, VultureGrub><1708.316><28.90337><-35.47595~530.5433~7~10, CustomDecal><1028.483><83.56786><-25~179~909~375~1259~93~-154.0046~-52.95035~0~0.1521739~0~Long Tag~0~1~0~1~0.6413044~1~0.2717391~1, CustomDecal><1115.476><168.2653><-3~174~366~172~371~-8~-267~-395.8308~0~1~0~GreySnoopy~0.3586957~0.2173913~0.5760869~0.5217391~0.2065217~0.4782609~0.3152174~0.4782609, CustomDecal><1750.442><142.9866><-12~196~281~214~268~-2~-617~-401~0~1~0~BrainGhosts~0.4565217~0.08695652~0.5978261~0~0.3586957~0.2173913~0.1304348~0.3478261, CustomDecal><1550.468><163.0345><-1~156~156~160~150~-2~-619~240.4346~0~1~0~BlueSmoker~0.3152174~0~0.8152174~0~0.2608696~0.4782609~0.1630435~0.7826087, CustomDecal><290.2582><125.0502><-84~168~855~170~797~-18~-362~128~0.6521739~0.75~0~SquidSoup(B&W)~0.5869565~0.6413044~0.2391304~0~0~1~0.9891304~1, CustomDecal><1286.905><212.1231><-29~70~43~107~90~11~368~-136~0~1~0~WhiteTag2~0.4565217~0.4021739~1~0.4021739~0.5~0.4021739~0.5~0.4021739, CustomDecal><2165.113><136.646><-20~141~814~99~834~-24~0~222~0.3043478~1~0~VeryBigSimple~0.5652174~0.8804348~0.6847826~0.7282609~0~0.5217391~0~0.5217391, CustomDecal><1142.85><209.6325><20~106~118~91~79~1~233~3~0~1~0~RedGhostSquid~1~0~1~0~0.6413044~0.6630435~0.5434783~0.6847826, CustomDecal><2182.124><131.9068><0~116~409~108~406~-5~251~219~0.3043478~1~0~SmugLips~0.7608696~0~1~0~0.5652174~0.6847826~1~0.4782609, CustomDecal><749.1818><129.3334><0~217.2004~328.7453~200.2004~294.7453~-13~-420~-26~0.6521739~0.7608696~0~WideRabbitHead~0.7282609~0~0.6630435~0~0.7065217~0.2065217~0~0.2391304, CustomDecal><2595.114><116.8969><3~138.769~311.972~135.769~306.972~-4~142~-357~0.3152174~1~0~PillMan~0.6630435~0~1~0~0.6304348~0.3043478~0.1086956~0.3369565, 
AmbientSounds: OMNI><AM_ENV-Outside.ogg><842.8004><638.0121><0.4347826><0.823913, OMNI><AM_ENV-LightWind.ogg><669.863><635.1458><0.4347826><0.6869565, SPOT><AM_IND-Utility02.ogg><37.97754><489.5513><0.5><1><24.97754><456.5513><-136.3553><-82.35535><0><0.4695654, SPOT><AM_ENV-NatWind.ogg><216.9705><486.9478><0.3478261><1><1641.97><578.9478><-286.3553><-9.355347><0><0.4804349, SPOT><AM_IND-Utility02.ogg><32.37085><367.0906><0.4347826><1><3147.371><457.0906><-105.3553><-144.3553><0><0.2739132, SPOT><AM_ENV-NatWind.ogg><212.9241><367.3483><0.326087><1><2631.924><581.3483><-177.3553><37.64465><0><0.4152175, 
FadePalette: 15, 0.2934783, 0.2608696, 0.25
