BkgDroneVolume: 0
AmbientSounds: OMNI><AM_ENV-Outside.ogg><755.6008><474.8669><0.4347826><0.7065217, SPOT><AM_IND-Utility02.ogg><77.20764><492.4455><0.3804348><1><444.2076><344.4455><-182.3553><-79.35535><0><0.2413043, 
FadePalette: 8, 0.1956522
