Grime: 0.423913
FadePalette: 8, 0.3152174
