BkgDroneVolume: 0
AmbientSounds: SPOT><SO_NAT-LilDrips.ogg><119.4427><525.6916><0.2065217><1><256.4427><267.6916><-126.3553><-33.35535><0><0.6217393, SPOT><SO_WAT-LilDrips.ogg><809.9342><501.3279><0.3043478><1><584.9342><220.3279><-143.3553><-57.35535><0><0.5130436, SPOT><Weird Deep Hole.wav><764.7589><390.0502><0.2608696><1><451.7589><400.0502><-142.3553><6.644653><0><0.4586958, SPOT><AM_ENV-CityTone.ogg><519.8301><580.1055><0.3586957><1><830.8301><1299.105><-95.35535><-138.3553><0><0.7195653, OMNI><AM_ENV-CityTone.ogg><836.3379><647.8829><0.3369565><1, 
FadePalette: 0, 0.06521739, 0.01086957
