BkgDroneVolume: 0
AmbientSounds: OMNI><Weird Deep Hole.wav><825.5623><643.1901><0.1413043><1, OMNI><SO_WAT-DripTap.ogg><645.7856><643.4468><0.3369565><1, 
FadePalette: 12, 0.1521739
