BkgDroneVolume: 0
AmbientSounds: OMNI><AM_ENV-CityTone.ogg><836.9306><643.1641><0.2717391><0.7652174, OMNI><SO_WAT-LilDrips.ogg><655.215><648.8031><0.1847826><1, 
FadePalette: 12, 0.4673913
