BkgDroneVolume: 0
AmbientSounds: OMNI><waterGurgleLOOP3.wav><839.0552><646.3077><0.2173913><0.7652174, SPOT><SO_WAT-OpenFlow.ogg><831.1941><538.2982><0.326087><0.8434783><265.1941><583.2982><-35.35534><-35.35534><0><0.1, OMNI><SO_WAT-DripTap.ogg><664.834><646.3884><0.2173913><1, 
FadePalette: 9, 0.1086956
