DangerType: Rain
CeilingDrips: 0.5
WaveSpeed: 0.75
WaveLength: 0.5
WaveAmplitude: 0
SecondWaveLength: 0.1666667
SecondWaveAmplitude: 0
Clouds: 0.7282609
Grime: 0.06521739
BkgDroneVolume: 0
BkgDroneNoThreatVolume: 1
Palette: 16
EffectColorA: 0
EffectColorB: 0
Effects: Lightning-0.4456522-20-20, GreenSparks-0.4130435-20-20, 
AmbientSounds: OMNI><AM_RAIN-Rumbles.ogg><830.3721><650.1584><0.4021739><1, OMNI><AM_ENV-NatWind.ogg><653.4124><651.9298><0.5217391><1, 
