Template: UW_SettingsTemplate_Wall
Clouds: 0.1630435
Grime: 0.1956522
Palette: 29
EffectColorA: 8
EffectColorB: 0
Effects: Flies-0.1413043-20-20, Fog-0.2065217-20-71, 
PlacedObjects: CustomDecal><412.9065><516.4268><0~233~492~251~497~6~-345~-174~0~1~0~TamponNose~0.4565217~0.3152174~0.3478261~0.3152174~0.173913~0.7608696~0~0.9347826, CustomDecal><695.6987><2861.728><0~101~224~114~217~21~-658~-219~0.3152174~1~0~WhiteTag4~1~0~1~0~1~1~1~0.4347826, CustomDecal><456.7><2822.249><-9~210~201~218~210~-21~-272~-291~0.3369565~1~0~AngryOrangeScribble~1~0~1~0~1~1~1~0.6304348, CustomDecal><665.1125><358.1453><0~175.7507~97.36712~175.7507~97.36712~0~-537~-329~0~1~0~WhiteTag11(Vertical)~0.5~0~0.7065217~0~0.8260869~0.2282609~0.5~0.3804348, CustomDecal><756.6127><560.1653><-3~92~138~127~62~8~-346~-250~0~1~0~BlueSmoker~0.4782609~0~1~0~0.5108696~0.6413044~0~0.4782609, 
AmbientSounds: SPOT><AM_ENV-WallHum.ogg><69.35455><504.3627><0.4130435><0.9217392><1005.355><163.3627><-437.3553><-85.35535><0><0.2956523, SPOT><AM_IND-ElectricHum01.ogg><241.9016><506.3695><0.2173913><1><753.9016><2347.37><-52.35535><-33.35535><0><0.252174, SPOT><SO_IND-HeatDuct.ogg><70.64191><392.3591><0.3478261><1><926.6418><2538.36><-185.3553><-5.355347><0><0.3717393, SPOT><AM_IND-ElectricHum01.ogg><71.38562><280.3359><0.2173913><0.9413043><429.3856><2793.336><-42.35535><-39.35535><0><0.2413043, SPOT><AM_IND-ElectricHum01.ogg><248.266><274.3007><0.1847826><1><641.266><3058.301><-44.35535><-36.35535><0><0.2304349, SPOT><AM_ENV-WallHum.ogg><248.8111><390.4344><0.3586957><1><1147.811><2924.434><-176.3553><-52.35535><0><0.252174, 
FadePalette: 6, 0.09782609, 0.1847826, 0.25, 0.3913043
