Template: NONE
Clouds: 0.8804348
Grime: 0.06521739
BkgDroneVolume: 0.326087
Palette: 23
Effects: ZeroGSpecks-0.5760869-20-20, ZeroG-1-23-91, Bloom-0.3043478-20-161, 
PlacedObjects: SuperStructureFuses><-81.67499><635.1854><123~32, SuperStructureFuses><-102.8685><96.91113><137~64, 
FadePalette: 17, 0.3478261
