Template: NONE
Clouds: 1
Grime: 0
BkgDroneVolume: 0.326087
Palette: 23
Effects: ZeroG-1-20-20, ZeroGSpecks-0.2717391-21-73, Bloom-0.1195652-15-135, 
PlacedObjects: ZapCoil><637.7101><111.304><37~335, ZapCoil><433.9921><113.5502><34~334, ZapCoil><874.4265><111.436><37~331, LightSource><770.9246><86.81479><1~Environment~-52~197~50~86.60254~1~0, LightSource><84.43121><584.9154><1~Environment~-120~-85~50~86.60254~1~0, LightFixture><436.1489><346.1165><ZapCoilLight~17.32051~-10~6, LightFixture><890.5726><341.8425><ZapCoilLight~17.32051~-10~19, 
FadePalette: 17, 0
