Template: NONE
Clouds: 0.4130435
Grime: 0.4130435
BkgDroneVolume: 0.2469565
Palette: 5
EffectColorA: 8
AmbientSounds: OMNI><AM_IND-Warehouse01.ogg><756.6984><415.7245><0.423913><0.8043478, SPOT><AM_ENV-LightWind.ogg><761.576><521.5987><0.2608696><0.6478261><329.576><599.5987><-35.35534><-35.35534><0><0.4260871, SPOT><SO_IND-MechHum01.ogg><789.8796><64.5903><0.2717391><1><482.8796><84.5903><-50.35535><-46.35534><0><0.3173914, 
FadePalette: 20, 0.2717391
