Template: NONE
Clouds: 0.173913
Grime: 0.2826087
BkgDroneVolume: 0.2469565
Palette: 5
EffectColorA: 10
EffectColorB: 2
PlacedObjects: DangleFruit><131.6909><467.1904><-244~64~2~3, DangleFruit><165.0502><523.2596><-309~-90~2~3, CustomDecal><1003.7><160.0048><-26~323~-294~318~-723~134~-93~-376~0.05434782~0.3478261~0~GhostGraffiti~0.2826087~0.5978261~0.2826087~0.5978261~0.2826087~0.5978261~0.2826087~0.5978261, CustomDecal><254.3058><337.5479><0~137~254~137~254~0~311~-583~0.326087~0.4456522~0~CartoonMouth~0.6739131~0~0.7608696~0~0~0.3695652~1~0.5869565, CustomDecal><136.3109><370.8095><0~87~203~84~173~-12~145~-648~0.326087~0.326087~0~WhiteTag5~0.5108696~0~0.8369565~0~0.5~0.9565217~0.5~0.6739131, CustomDecal><132.5502><253.2599><0~200~351~200~351~0~-167~-525~0.2934783~0.3586957~0~GreySnoopy~0.3695652~0.8260869~0.5~0.8260869~0~0.8260869~1~0.8260869, CustomDecal><97.81567><144.8277><-13~477~473~399~419~-30~420~-104~0~1~0~Rust1~1~1~0~1~1~1~0.1847826~1, CustomDecal><949.8955><282.4205><0~117.1348~-261.1716~127.1348~-283.1716~6~-733~-173~0.2934783~1~0~WhiteBigTag~0.2717391~0.5869565~0.5~0.5978261~0.5108696~1~0.4673913~0.6630435, CustomDecal><718.3033><290.5364><0~99~131~99~131~0~-329~-5~0.3152174~1~0~TeethMan~1~0~1~0~1~0.75~1~0.6086956, 
AmbientSounds: SPOT><Basic Mech.ogg><756.3309><163.8568><0.173913><1><328.3309><415.8568><-139.3553><-93.35535><0><0.5673915, SPOT><AM_IND-ElectricHum01.ogg><772.8277><294.1484><0.1847826><1><307.8277><424.1484><-35.35534><-35.35534><0><0.2413045, 
FadePalette: 20, 0.3695652
