Clouds: 0.3152174
BkgDroneVolume: 0.2469565
Palette: 5
EffectColorA: 10
EffectColorB: 2
PlacedObjects: InsectGroup><983.0619><371.5598><-123~94~-76~188~StandardFly~0.4456522, FlyLure><1086.609><222.1084><-25~-181~4~9, FlyLure><1003.413><240.8201><41~-114~4~9, CustomDecal><408.8221><301.5915><1~50~44~52~56~-2~-480~-308~0~1~0~HotdogDefacement~0.7065217~0.4021739~0.7065217~0.4021739~0.3369565~0.4021739~0.4021739~0.4021739, CustomDecal><671.2681><360.6992><0~51~61~50~68~0~-720~-59~0~1~0~HotdogDefacement~0.5~0.5543478~0.7065217~0.5543478~0~0.5543478~0.5~0.5543478, CustomDecal><539.8517><323.9222><-6~42~54~48~57~-4~118~-352~0~1~0~HotdogDefacement~1~0.7826082~0.5~0.7826082~0.2065216~0.7826082~0.5434779~0.7826082, CustomDecal><580.6967><200.2861><7~49~54~53~59~-6~-347~-214~0~1~0~HotdogDefacement~1~0.2173913~1~0.2173913~1~0.2173913~1~0.2173913, CustomDecal><1402.804><187.2123><-74~365~589~375~570~-18~-457~63~0.326087~0.6413044~0~RustB2~0.5760869~1~0.3804348~1~0~1~0.01086957~1, 
AmbientSounds: SPOT><AM_IND-DeepHum.ogg><781.8713><312.0969><0.3369565><1><631.8713><236.0969><-35.35534><-35.35534><0><0.4260871, SPOT><AM_IND-DeepHum.ogg><799.1127><176.3347><0.3586957><1><1112.113><216.3347><-30.35535><-31.35535><0><0.4260871, 
FadePalette: 15, 0.4565217, 0.4021739
