Clouds: 0.4130435
BkgDroneVolume: 0.2469565
Palette: 5
EffectColorA: 10
EffectColorB: 2
Effects: Flies-0.1630435-20-20, 
PlacedObjects: DeadSeedCob><986.6587><1599.822><, SeedCob><903.5811><1456.643><-295~13~7~10, DeadSeedCob><1085.058><1600.055><, InsectGroup><680.55><413.489><-228~67~0~0~Beetle~0.3481624, InsectGroup><320.3887><329.894><-307~138~0~0~Ant~0.5, NoSpearStickZone><1007.8><1398.548><0~100, CustomDecal><368.95><266.7551><-130~165~676~174~699~-3~-359~33~0.6195652~0.7391304~0~BadSkin~0.173913~0.4891304~0.5434783~0.4891304~1~0.4891304~1~0.9021739, CustomDecal><429.1266><1252.907><2~207~145~213~129~-12~-415~-357~0.4673913~1~0~UndeadThumb~0~0.2934783~0.3152174~0.4456522~0.6956522~0.2934783~0.3152174~1, CustomDecal><373.881><1285.911><-3~66~62~84~59~-1~98~-344~0~1~0~Ghostling1~1~0.8804348~0.3695652~0.4347826~0.2282609~0.4347826~0.4782609~0.4347826, 
AmbientSounds: SPOT><AM_IND-Utility02.ogg><959.55><504.7498><0.4565221><1><1113.55><1356.75><-61.35535><-42.35535><0><0.5021737, SPOT><AM_ENV-LightWind.ogg><782.039><439.9462><0.4021739><1><654.0391><1499.946><-300.3553><-227.3553><0><0.4478262, 
FadePalette: 15, 0.3695652, 0.4347826
