Template: HI_SettingsTemplate_Inside
Clouds: 0.2065217
Grime: 0.3695652
BkgDroneVolume: 0.2469565
Palette: 5
EffectColorA: 8
EffectColorB: 2
PlacedObjects: DangleFruit><114.3007><463.7338><-171~184~2~3, DangleFruit><150.868><443.6614><-195~121~2~3, DangleFruit><258.3319><505.0676><269~83.00003~2~3, CustomDecal><103.8937><290.3306><-88~138~264~158~197~-16~221~-479~0.3043478~0.423913~0~Pink Tag~0.2717391~0.2826087~0.3478261~0.2826087~0.5543478~0.2826087~0.5543478~0.2826087, CustomDecal><52.87402><413.8446><-19~140~513~158~459~1~-131~-296~0.5869519~1~0~ChaoticB&W2~0.5869565~0.1195652~0~0.1195652~0.5869565~0.1195652~0.2391304~1, InsectGroup><187.4484><330.1932><-17~129~690~-124~RockFlea~0.5, CustomDecal><295.0963><415.8721><0~142~142~142~142~0~331~-158~0.5978261~1~0~RoundBlack~0~0~0~0~1~0~1~0, CustomDecal><156.5696><413.8365><0~142~142~142~145~2~195~-270~0.4386252~1~0~RoundBlack~0~0~0~0~1~0~1~0, 
AmbientSounds: SPOT><Basic Mech.ogg><614.8255><589.8477><0.1521739><1><231.8255><1297.848><-43.35535><-46.35535><0><0.252174, SPOT><SO_IND-Fridge.ogg><488.3004><79.76276><0.2282609><1><221.3004><177.7628><-90.35535><35.64465><0><0.5565219, SPOT><AM_ENV-Outside.ogg><771.404><475.9254><0.4347826><0.9021739><979.4578><450.8276><-100.3553><-56.35535><0><0.4152175, 
FadePalette: 20, 0.3804348, 0.3804348
