Template: NONE
Clouds: 0.1630435
Grime: 0.1847826
BkgDroneVolume: 0.2469565
Palette: 5
EffectColorB: 2
PlacedObjects: InsectGroup><531.199><2051.771><-119~212~0~0~Moth~0.1630435, CustomDecal><508.169><1194.857><-13~234~78~233~75~-1~-444~-142~0.3043478~1~0~CactusMan~0.4130435~0.3043478~0.6630435~0.3043478~0.25~0.3043478~0.6304348~0.3043478, CustomDecal><114.8344><85.31866><-120~290~458~494~493~-20~-230~54.00001~0~1~0~Big Letters~0.4782609~0.2282609~0.7391304~0.07608695~0.6195652~0.07608695~0.8913044~0.2608696, CustomDecal><36.94214><89.30856><-217~219~1003~387~909~-31~-51~392~0~1~0~Full Wall~0.4673913~0~0.2717391~0~0.4891304~0~0~0, CustomDecal><195.5583><96.55722><-8~478~281~487~287~-8~346~297~0~0.3478261~0.4456522~PipeMonsters~0~0.06521739~0.6521739~0.06521739~0.5869565~0.06521739~1~0.06521739, DataPearl><549.6993><2164.984><0~0~0~0~0~0, 
AmbientSounds: OMNI><AM_IND-Warehouse02.ogg><469.9406><644.8106><0.4456522><0.726087, OMNI><AM_IND-Utility02.ogg><646.9076><643.8769><0.3695652><0.8826087, DIR><AM_ENV-LightWind.ogg><830.3098><627.1882><0.4021739><0.5108696><9.299243><0, OMNI><SO_WAT-LilDrips.ogg><806.1364><538.1037><0.1956522><1, 
FadePalette: 20, 0.2717391, 0.2934783, 0.3369565
