Template: HI_SettingsTemplate_Inside
Clouds: 0.423913
Grime: 0.326087
BkgDroneVolume: 0.2469565
Palette: 5
EffectColorA: 10
EffectColorB: 2
PlacedObjects: LightSource><868.8909><636.358><1~Environment~0~100~290.9999~77.60254~1~0, LightSource><859.9451><761.7938><1~Environment~0~100~157.9999~138.6025~1~0, LightSource><636.0504><2317.261><0.2065211~Environment~0~100~-14~-235.3975~1~0, LightSource><554.8131><2320.071><0.2391304~Environment~-16~-83~-198~-196.3975~1~0, DangleFruit><686.8732><1694.407><-68~269~2~3, DangleFruit><646.0787><1763.816><0~0~2~3, DangleFruit><402.0657><1676.328><0~0~2~3, InsectGroup><323.0436><1066.195><-229~8~0~0~Moth~0.326087, CustomDecal><-32.31537><223.689><-65~431~1117~462~1106~-10~324~-202~0~1~0~Barnacle~0.3369565~0.3369565~1~0.6413044~0~0.6413044~0.2934783~0.6413044, CustomDecal><83.25372><361.8><-42~172~429~182~427~-8~-178~-413~0.326087~0.3695652~0~ShinyTag~0.6956522~0.25~0.4673913~0.25~0.5108696~0.25~0.8260869~0.25, CustomDecal><577.4404><363.5614><-1~173~387~165~404~-18~81~-376~0.3043478~0.3913043~0~SNT~0.1413043~0~0.4347826~0~0.8369565~0~1~0, CustomDecal><56.1098><402.0829><-3~107~106~120~114~4~531~143~0.3043478~1~0~IteratorSaint~0.173913~0~1~0.02173913~0.8369565~0.6086956~0.8043478~0.02173913, InsectGroup><190.626><437.5947><310~195~-91~156~Ant~0.08695622, InsectGroup><785.4017><385.1197><0~100~0~0~StandardFly~0.2608696, CustomDecal><488.6143><2229.103><-5~93~70~89~75~-2~-450~-383~0~1~0~VultureWarning~0.2934783~0.3913043~1~0.3913043~0.3478261~0.3913043~1~0.3913043, CustomDecal><730.4667><912.8031><2~145~264~154~225~-10~-742~211~0.3152174~0.4456522~0~YellowYou~0.5434783~0.3695652~0.9347826~0.3695652~0~0.3695652~0.6086956~0.3695652, CustomDecal><792.2036><913.0554><0~79.63732~135.2115~79.63732~135.2115~0~-265~290~0.3152174~1~0~WhiteJunk2~0.5~0~0.5~0~0.5~1~1~0.9782609, 
AmbientSounds: SPOT><AM_IND-DeepHum.ogg><794.5519><330.2228><0.2934783><1><879.5519><723.2228><-55.35535><-86.35535><0><0.3500001, SPOT><AM_ENV-NatWind.ogg><381.8302><468.1443><0.3152174><1><524.8302><1677.144><-58.35535><-62.35535><0><0.4260871, SPOT><AM_IND-50hz.ogg><552.3489><349.881><0.1956522><1><589.3489><2274.881><-46.35535><-47.35535><0><0.252174, 
FadePalette: 20, 0.2282609, 0.2608696, 0.2934783
