Template: HI_SettingsTemplate_Inside
Clouds: 0.2391304
Grime: 0.3804348
BkgDroneVolume: 0.2469565
Palette: 5
EffectColorA: 13
EffectColorB: 2
Effects: Flies-0.04347826-20-20, 
PlacedObjects: DangleFruit><753.1777><726.5919><-794~33~2~3, DangleFruit><732.0762><774.8489><-768~-99~2~3, DataPearl><361.8575><1548.39><0~0~0~0~0~0, FirecrackerPlant><725.0145><324.8005><-754~267~2~3, FirecrackerPlant><312.5502><328.4916><-339~177~2~3, FirecrackerPlant><526.1537><292.1279><-558~129~2~3, InsectGroup><173.4474><1095.282><-83~470~603~-88~Ant~0.5543478, InsectGroup><243.1141><307.8969><-195~13~-62~-134~Beetle~0.2065217, CustomDecal><768.8704><442.6523><-49~175~331~195~285~-29~-28~-324~0~0.05434782~0~AngularWhiteOLs~0.7173913~0~1~0~0.25~0.5760869~0.6195652~0.09782609, CustomDecal><60.4801><305.301><-41~243~497~191~371~2~226~289~0.6413044~1~0~PR~0.4891304~0.3369565~0.5217391~0.6195652~0.2065217~0.3369565~0.4782609~0.3369565, CustomDecal><873.7153><1264.197><3~270~126~280~124~-7~-413~-266~0.326087~0.3369565~0~VerticalRedWhite~0~0.7282609~0~0.2391304~0.7826087~0.326087~0.9456522~0.2391304, CustomDecal><150.0772><1406.101><-66~81~209~93~170~-10~-279~-199~0~1~0~WhiteJunkArrows~0~0.1956522~0.5652174~0.1956522~0.6847826~0.1956522~0.5~0.1956522, CustomDecal><96.38751><1037.145><-36~142~200~154~186~-6~-246~-139~0~1~0~PR~0.1195652~0.3586957~0.5~0.2717391~1~0.2717391~0.5~0.2717391, CustomDecal><511.2954><274.8053><-6~102~222~103~212~-5~89~252~0.3043478~1~0~CrudeBubblyB&W~1~0.4891304~1~0~0~1~0~1, 
AmbientSounds: OMNI><AM_IND-Warehouse02.ogg><851.1389><406.5837><0.3043478><0.726087, SPOT><Basic Mech.ogg><781.8747><163.5941><0.2717391><1><869.8747><2343.594><-36.35535><-29.35535><0><0.328261, SPOT><SO_IND-Fridge.ogg><639.1874><560.9303><0.2608696><1><908.1875><806.9303><-47.35535><-54.35535><0><0.4369566, SPOT><AM_IND-12thFloor.ogg><294.7815><458.9475><0.4673913><1><115.7815><729.9474><-35.35534><-35.35534><0><0.5565219, SPOT><AM_IND-12thFloor.ogg><853.4499><551.4927><0.4021739><0.9413043><632.4499><1419.493><-94.35535><-83.35535><0><0.502174, SPOT><AM_ENV-LightWind.ogg><643.73><444.199><0.3152174><0.8043478><528.73><2100.199><-16.35535><-98.35535><0><0.4586958, SPOT><AM_IND-ElectricHum01.ogg><110.9634><244.9466><0.1847826><1><198.9634><1734.947><-35.35534><-35.35534><0><0.2521739, 
FadePalette: 20, 0.1956522, 0.1956522, 0.1956522
