Template: NONE
Clouds: 0.2065217
BkgDroneVolume: 0.2608696
Palette: 2
EffectColorA: 0
FadePalette: 18, 0.3478261
