Clouds: 0.1086956
Grime: 0.25
BkgDroneVolume: 0.2608696
Palette: 2
EffectColorA: 16
EffectColorB: 2
Effects: Flies-0.1521739-20-20, SkyDandelions-0.6304348-22-74, 
PlacedObjects: DandelionPatch><1345.315><231.673><-29~135, DandelionPatch><1640.935><218.425><0~100, DandelionPatch><1035.058><240.1914><0~100, DandelionPatch><470.45><212.5039><7~118, SeedCob><1187.551><404.2648><-165~205~7~10, FirecrackerPlant><1239.389><274.0838><42~336~2~3, FirecrackerPlant><1265.317><278.9205><15.43988~247.7727~2~3, FirecrackerPlant><791.9911><254.3007><-820~345.9997~2~3, FirecrackerPlant><902.5511><256.2706><-901~261~2~3, FlyLure><856.6755><258.5958><0~0~4~9, CustomDecal><1265.353><297.5112><-30~189~612~188~592~-30~725~-282.0003~0.326087~1~0~Rust1~0.8913044~1~0~1~1~1~0~1, CustomDecal><1275.93><212.8128><-36~261~514~285~481~-17~-246~-486~0.3152174~1~0~GreenWhite~0.706872~0.2065217~0.4673906~0.1630435~0~0.8804348~0~0, CustomDecal><1505.195><292.545><-28~53~64~75~121~9~158~-507~0.3152174~1~0~WhiteTag~0.3695652~0.2282609~0.1521739~0.2282609~0.5217391~0.2282609~0.5326087~0.2282609, CustomDecal><395.5176><244.8008><-29~229~739~231~743~-7~-453~-77~0.6413044~1~0~AlbinoOctopus~0.75~0.2391304~0~0~0.8913044~0.3586957~0~0.6195652, CustomDecal><1246.113><407.3545><-29~199~525~204~504~-9~332~-670~0.5~1~0~BadSkin~1~0~0~0~0.5434783~0.1521739~0~0.75, CustomDecal><1172.264><284.6995><-59~603~778~598~690~4~134~-557~0~1~0~Rust3~0~1~0.5652174~1~1~1~0.5652174~1, CustomDecal><627.6775><226.3431><-29~196~135~209~127~0~-454~117~0.6086956~1~0~CrudeBubblyB&W~1~0~0.5543478~0~0.7282609~0.8804348~1~0.5326087, CustomDecal><182.0552><204.4547><0~774~1204~827~1092~-1~129~175~0.6521739~1~0~Rust1~1~1~0~1~0.2282609~1~0~1, CustomDecal><869.5626><176.4399><-12~756~511~807~469~-15~416~-98~0~0.5108696~0~Rust3~1~1~1~1~0~1~0~1, 
AmbientSounds: SPOT><AM_IND-12thFloor.ogg><772.8969><355.1713><0.2934783><1><950.8969><102.1713><-330.3553><20.64465><0><0.5130436, SPOT><AM_IND-Utility02.ogg><535.097><621.8788><0.3695652><1><516.097><82.87885><-136.3553><-31.35534><0><0.328261, SPOT><AM_IND-Utility02.ogg><848.3137><201.3104><0.2282609><1><1650.314><99.31039><-158.3553><-62.35534><0><0.3717393, SPOT><AM_ENV-LightWind.ogg><841.3616><70.85565><0.4891304><0.8434783><2163.362><349.8557><-144.3553><-78.35535><0><0.4804349, SPOT><AM_ENV-LightWind.ogg><524.9383><507.0598><0.4021739><0.823913><-58.06171><307.0598><-52.35535><-233.3553><0><0.4913045, SPOT><AM_IND-DeepHum.ogg><347.3831><17.41232><0.3152174><1><1095.383><70.41232><-129.3553><-13.35534><0><0.2739132, 
FadePalette: 18, 0.2391304, 0.25
