Template: NONE
Clouds: 0.3478261
BkgDroneVolume: 0.2608696
Palette: 2
FadePalette: 18, 0.1630435, 0.1630435
