Clouds: 0.1195652
Grime: 0.173913
BkgDroneVolume: 0.2608696
Palette: 2
EffectColorA: 10
EffectColorB: 2
PlacedObjects: CustomDecal><87.20779><1688.554><-15~406~918~401~881~-20~-227~163~0.1630435~1~0~UNQ - Triple Landscape~0.5326087~0~0.4891304~0~0.5652174~0.2391304~0~0.4673913, CustomDecal><574.2271><1807.699><-12~119~-350~43~-313~-71~-180~-404~0.1847826~1~0~WhiteJunkArrows~1~0~1~0~0~0.3478261~0.6413044~0.5760869, CustomDecal><-6.975647><1219.052><-36~1686~991~1691~879~13~158~849~0~1~0~RustB3~0~1~0.5~1~0~1~1~1, CustomDecal><396.9313><478.8345><-14~261~303~255~270~-8~-393~-117~0.1956522~1~0~OrangePink~0.5760869~0.08695652~0.6413044~0.1630435~0.3152174~0.8260869~0.09782609~0.6521739, CustomDecal><452.8191><500.3352><0~177~209~174~209~0~7~-348~0.1956522~1~0~WhiteFs~0.4021739~0~0.8043478~0~0.5~0.4891304~0.5~0.3695652, KarmaFlower><919.8308><1859.317><0~0~5~7, 
AmbientSounds: SPOT><AM_IND-Utility02.ogg><860.3003><467.7395><0.3804348><1><544.3003><433.7395><-160.3553><11.64465><0><0.4695654, SPOT><AM_ENV-LightWind.ogg><864.053><341.1929><0.5><1><550.053><2304.193><-232.3553><-12.35535><0><0.5891306, SPOT><SO_IND-Fridge.ogg><858.5458><229.3053><0.2065217><0.7456522><-32.45416><1935.305><-105.3553><-30.35535><0><0.3717393, 
FadePalette: 18, 0.1630435, 0.1847826, 0.2173913
