Clouds: 0.4130435
Grime: 0.3586957
BkgDroneVolume: 0.2608696
Palette: 2
EffectColorA: 10
EffectColorB: 2
AmbientSounds: SPOT><AM_ENV-LightWind.ogg><697.0783><633.1475><0.3152174><0.9217392><-2.921692><249.1475><-98.35535><213.6447><0><0.502174, SPOT><AM_WIN-StrongWnd2.ogg><697.6901><521.3123><0.3043478><1.117391><1497.69><287.3123><-327.3553><225.6447><0><0.3065219, SPOT><AM_ENV-LightWind.ogg><696.1364><400.8964><0.3804348><0.9413043><3171.136><308.8964><-309.3553><102.6447><0><0.6326088, OMNI><AM_ENV-LightWind.ogg><863.775><509.9484><0.3695652><1, 
FadePalette: 18, 0.1847826, 0.1847826, 0.1847826
