BkgDroneVolume: 0.2608696
EffectColorA: 10
EffectColorB: 2
Effects: 
FadePalette: 6, 0.1304348, 0.3369565, 0.5652174, 0.7826087
